Voltage:   0.172
   0.250
   0.500
   0.751
   0.993
   1.252
   1.500
   1.779
   1.998
   3.001
   3.206
   3.609
   4.000
   5.000
   6.000
   7.000
   8.000
   9.000
  10.000
  11.000
  12.000
  13.000
  14.000
  15.000
  16.000
  17.000
  18.000
  19.000
  20.000
  21.000
  22.000
  23.000
  24.000
  25.000
  26.000
  27.000
  28.000
  29.000
  30.000
  31.000
  32.000
  33.000
  34.000
  35.000
  36.000
  37.000
  38.000
  39.000
  40.000
  43.000
  45.500
  48.000
  50.500
  53.000
  55.500
  58.000
  60.500
  63.000
  65.500
  68.000
  70.500
  73.000
  75.500
  78.000
  80.500
  83.000
  85.500
  88.000
  90.500
  93.000
  95.500
  98.000
 100.500
 103.000
 105.500
 108.000
 110.500
 113.000
 115.500
 118.000
 120.500
 123.000
 125.500
 128.000
 130.500
 133.000
 135.500
 136.900